375292264862
375292878094
77009971363
77011075283
77013435699
77016095891
77016671157
77017486794
77018319483
77024467755
77028659286
77051542852
77051965001
77052433151
77052556464
77054487014
77055091044
77056157330
77056752458
77073337533
77073432004
77073677515
77081028909
77081506531
77081541112
77472193055
77472529721
77478060782
77479303322
77712414818
77713218577
77715969075
77719716898
77751614572
77751667799
77751860125
77752372123
77754222734
77757109092
77771751489
77773242421
77776522095
77779661666
77784438145
77785004428
77785499186
77786610766
77787009010
77788888506
77789495347
77789863266
79024518834
79025390869
79027803966
79031043532
79033224984
79034695793
79042020868
79042803599
79043928400
79045548651
79046709492
79048212653
79048443333
79052309440
79054403536
79054496790
79058112858
79061524444
79064657163
79064750858
79064801621
79064935514
79086327357
79094839957
79095745748
79097477747
79097734136
79098066743
79109868753
79121130506
79123753692
79124637003
79127346694
79130118931
79135155994
79141469937
79142309067
79142848555
79147487332
79147716928
79161734029
79171721412
79172637702
79173763760
79174178106
79177834370
79180077080
79180844671
79180987713
79181103805
79181397327
79181452444
79183282930
79184075575
79184254429
79184629696
79187550820
79188437777
79188483736
79189868188
79194372935
79194673136
79196008414
79205536287
79205553682
79206743734
79212857735
79217754243
79220267007
79225331232
79228344944
79237158436
79237447577
79241944480
79252122202
79253089906
79262257831
79262576437
79272482439
79274949811
79275043295
79279416825
79280196253
79280257778
79280327161
79280547333
79280777287
79282043169
79282698294
79283184071
79284777185
79284889068
79285141423
79285224294
79285247738
79285364315
79285405614
79285507945
79286520344
79286784221
79286807313
79286896030
79286919912
79286936333
79287040037
79287057777
79287190623
79287290608
79287339883
79287366142
79287399266
79287418787
79287963036
79288746633
79288812000
79288989822
79289016716
79289057776
79289221747
79289231910
79289484938
79300742215
79384204709
79500855387
79505764956
79508030814
79508085771
79509695207
79528632808
79533226242
79535333933
79600898501
79604339555
79607990467
79609029097
79615631115
79618345518
79618525117
79624292777
79627150407
79631587770
79631674222
79634144130
79635809011
79637051838
79637932276
79649000779
79654250001
79654621798
79772679070
79787041612
79787310149
79788347332
79788436293
79788607729
79802677820
79823292513
79827720403
79834656961
79850347022
79875056097
79877887113
79879305670
79884963566
79885960958
79886186167
79886904454
79887242729
79887484232
79887784442
79887795291
79887904054
79894641856
79894718899
79895357241
79896619126
79899299783
79923376626
79944209154
79994009066
79994956342
79996758790
996502058933
996504747446
996551340708
996704295731
996704661918
996705170386
998942758607
998949090085
Вы"class="_7yrSq_38erselectabletextcopyabletext">Амантур
375292264862
375292878094
77009971363
77011075283
77013435699
77016095891
77016671157
77017486794
77018319483
77024467755
77028659286
77051542852
77051965001
77052433151
77052556464
77054487014
77055091044
77056157330
77056752458
77073337533
77073432004
77073677515
77081028909
77081506531
77081541112
77472193055
77472529721
77478060782
77479303322
77712414818
77713218577
77715969075
77719716898
77751614572
77751667799
77751860125
77752372123
77754222734
77757109092
77771751489
77773242421
77776522095
77779661666
77784438145
77785004428
77785499186
77786610766
77787009010
77788888506
77789495347
77789863266
79024518834
79025390869
79027803966
79031043532
79033224984
79034695793
79042020868
79042803599
79043928400
79045548651
79046709492
79048212653
79048443333
79052309440
79054403536
79054496790
79058112858
79061524444
79064657163
79064750858
79064801621
79064935514
79086327357
79094839957
79095745748
79097477747
79097734136
79098066743
79109868753
79121130506
79123753692
79124637003
79127346694
79130118931
79135155994
79141469937
79142309067
79142848555
79147487332
79147716928
79161734029
79171721412
79172637702
79173763760
79174178106
79177834370
79180077080
79180844671
79180987713
79181103805
79181397327
79181452444
79183282930
79184075575
79184254429
79184629696
79187550820
79188437777
79188483736
79189868188
79194372935
79194673136
79196008414
79205536287
79205553682
79206743734
79212857735
79217754243
79220267007
79225331232
79228344944
79237158436
79237447577
79241944480
79252122202
79253089906
79262257831
79262576437
79272482439
79274949811
79275043295
79279416825
79280196253
79280257778
79280327161
79280547333
79280777287
79282043169
79282698294
79283184071
79284777185
79284889068
79285141423
79285224294
79285247738
79285364315
79285405614
79285507945
79286520344
79286784221
79286807313
79286896030
79286919912
79286936333
79287040037
79287057777
79287190623
79287290608
79287339883
79287366142
79287399266
79287418787
79287963036
79288746633
79288812000
79288989822
79289016716
79289057776
79289221747
79289231910
79289484938
79300742215
79384204709
79500855387
79505764956
79508030814
79508085771
79509695207
79528632808
79533226242
79535333933
79600898501
79604339555
79607990467
79609029097
79615631115
79618345518
79618525117
79624292777
79627150407
79631587770
79631674222
79634144130
79635809011
79637051838
79637932276
79649000779
79654250001
79654621798
79772679070
79787041612
79787310149
79788347332
79788436293
79788607729
79802677820
79823292513
79827720403
79834656961
79850347022
79875056097
79877887113
79879305670
79884963566
79885960958
79886186167
79886904454
79887242729
79887484232
79887784442
79887795291
79887904054
79894641856
79894718899
79895357241
79896619126
79899299783
79923376626
79944209154
79994009066
79994956342
79996758790
996502058933
996504747446
996551340708
996704295731
996704661918
996705170386
998942758607
998949090085
38972272570
77003325950
77003649950
77004217589
77004674404
77006790218
77009847995
77011395911
77012365668
77013360074
77013468615
77013831080
77013855444
77014443399
77015984657
77017421178
77021287555
77024829170
77025533799
77027579776
77029462698
77029639600
77029757831
77051014689
77051477800
77052883329
77054012018
77055786790
77057574370
77058815884
77079563076
77081496100
77083111324
77086918232
77087368581
77089656448
77473131003
77476234980
77478359789
77750002787
77753898876
77756069545
77761717693
77762996072
77763548791
77771660076
77773399919
77774272777
77786005161
77789939426
79002987176
79032134985
79034831040
79039179347
79053825811
79054906528
79064113387
79064769696
79066039100
79085147505
79091440028
79092503345
79092528905
79092958668
79094698055
79094905880
79108685971
79123537371
79132331981
79132927447
79134644931
79140278999
79144615374
79146511386
79153521397
79169385800
79172565629
79181865500
79183552929
79184890919
79188162899
79189007904
79209668420
79222512738
79225350285
79226048636
79243336095
79243797250
79248737168
79253200656
79268625626
79271122921
79275401999
79280100107
79280253734
79280327101
79280505373
79280631999
79280923920
79282656264
79283622984
79283953242
79283981551
79285126875
79285339034
79285451717
79285959550
79286165151
79287152717
79287673537
79288183408
79288746633
79288763333
79288877884
79289120470
79289301533
79289342882
79289559292
79298762585
79298896766
79374218112
79374221590
79375722245
79376576620
79380122992
79380231554
79381506198
79389109250
79515090991
79515275989
79518224016
79525804138
79529733518
79530329341
79534407404
79535886779
79538229396
79600666638
79609281652
79610001000
79611720501
79612906464
79614007999
79614633340
79618223837
79622604444
79625796056
79630000931
79632853081
79634057538
79634138960
79635828482
79635886353
79637032420
79640029922
79640179742
79645959743
79648792054
79659537024
79673984446
79674004262
79679331999
79679378840
79772882586
79775482259
79776712464
79780051362
79780709409
79787185032
79787242196
79825394678
79835836156
79841978025
79849992666
79853462346
79855785100
79857387132
79868000089
79872205011
79873006626
79877103042
79877768445
79878696702
79879525371
79879738724
79880891964
79881500202
79882228666
79882252910
79884147474
79884420005
79884552119
79885435968
79885796867
79886100277
79886203203
79886325768
79886475305
79886537766
79886537769
79887213021
79888049229
79888133555
79889238231
79889524502
79889880206
79894632333
79894880055
79896737662
79897745150
79898568800
79898626031
79898673742
79990698343
79994968807
79999670343
Вы"class="_7yrSq_38erselectabletextcopyabletext">Амантур
38972272570
77003325950
77003649950
77004217589
77004674404
77006790218
77009847995
77011395911
77012365668
77013360074
77013468615
77013831080
77013855444
77014443399
77015984657
77017421178
77021287555
77024829170
77025533799
77027579776
77029462698
77029639600
77029757831
77051014689
77051477800
77052883329
77054012018
77055786790
77057574370
77058815884
77079563076
77081496100
77083111324
77086918232
77087368581
77089656448
77473131003
77476234980
77478359789
77750002787
77753898876
77756069545
77761717693
77762996072
77763548791
77771660076
77773399919
77774272777
77786005161
77789939426
79002987176
79032134985
79034831040
79039179347
79053825811
79054906528
79064113387
79064769696
79066039100
79085147505
79091440028
79092503345
79092528905
79092958668
79094698055
79094905880
79108685971
79123537371
79132331981
79132927447
79134644931
79140278999
79144615374
79146511386
79153521397
79169385800
79172565629
79181865500
79183552929
79184890919
79188162899
79189007904
79209668420
79222512738
79225350285
79226048636
79243336095
79243797250
79248737168
79253200656
79268625626
79271122921
79275401999
79280100107
79280253734
79280327101
79280505373
79280631999
79280923920
79282656264
79283622984
79283953242
79283981551
79285126875
79285339034
79285451717
79285959550
79286165151
79287152717
79287673537
79288183408
79288746633
79288763333
79288877884
79289120470
79289301533
79289342882
79289559292
79298762585
79298896766
79374218112
79374221590
79375722245
79376576620
79380122992
79380231554
79381506198
79389109250
79515090991
79515275989
79518224016
79525804138
79529733518
79530329341
79534407404
79535886779
79538229396
79600666638
79609281652
79610001000
79611720501
79612906464
79614007999
79614633340
79618223837
79622604444
79625796056
79630000931
79632853081
79634057538
79634138960
79635828482
79635886353
79637032420
79640029922
79640179742
79645959743
79648792054
79659537024
79673984446
79674004262
79679331999
79679378840
79772882586
79775482259
79776712464
79780051362
79780709409
79787185032
79787242196
79825394678
79835836156
79841978025
79849992666
79853462346
79855785100
79857387132
79868000089
79872205011
79873006626
79877103042
79877768445
79878696702
79879525371
79879738724
79880891964
79881500202
79882228666
79882252910
79884147474
79884420005
79884552119
79885435968
79885796867
79886100277
79886203203
79886325768
79886475305
79886537766
79886537769
79887213021
79888049229
79888133555
79889238231
79889524502
79889880206
79894632333
79894880055
79896737662
79897745150
79898568800
79898626031
79898673742
79990698343
79994968807
79999670343
375292085410
77016666379
77025120111
77025479194
77056016002
77071579655
77076739691
77077053355
77079292836
77475791626
77479385154
77711613761
77714614481
77752081320
77753404286
77754478705
77754606109
77778194448
77783590808
77783913077
79023122696
79027644040
79034592705
79036346585
79050729801
79064135454
79064389909
79064496345
79064506131
79064782885
79082120164
79082649479
79085197829
79095252003
79101033727
79109926578
79117870577
79133746130
79147086294
79180403535
79183035775
79189206027
79189930008
79204282829
79205140756
79212100009
79213537301
79218760913
79226107018
79232495718
79246036320
79271551770
79275247435
79276446867
79280377249
79283857467
79284843608
79284882021
79287323062
79287925350
79287975737
79288168770
79288885047
79289467909
79289777568
79298883968
79304277948
79381361849
79389940594
79528148199
79529240001
79535038201
79604222460
79604302078
79620087081
79624903329
79628000944
79632884120
79635882315
79635996300
79637969995
79640728049
79644555277
79649940999
79655317443
79659537344
79673949992
79679776949
79698117191
79775339841
79777545555
79788361062
79788460322
79788607779
79788726450
79788891782
79807335237
79807351401
79841366390
79869189887
79874856562
79881893380
79882277563
79885158762
79885473400
79887948065
79888712901
79888751220
79894481555
79894728880
79894745446
79896613334
79897829484
79899075988
79899148232
79910361329
79930000095
79952283297
79960200381
79969178489
79997713744
79998870755
375292085410
77016666379
77025120111
77025479194
77056016002
77071579655
77076739691
77077053355
77079292836
77475791626
77479385154
77711613761
77714614481
77752081320
77753404286
77754478705
77754606109
77778194448
77783590808
77783913077
79023122696
79027644040
79034592705
79036346585
79050729801
79064135454
79064389909
79064496345
79064506131
79064782885
79082120164
79082649479
79085197829
79095252003
79101033727
79109926578
79117870577
79133746130
79147086294
79180403535
79183035775
79189206027
79189930008
79204282829
79205140756
79212100009
79213537301
79218760913
79226107018
79232495718
79246036320
79271551770
79275247435
79276446867
79280377249
79283857467
79284843608
79284882021
79287323062
79287925350
79287975737
79288168770
79288885047
79289467909
79289777568
79298883968
79304277948
79381361849
79389940594
79528148199
79529240001
79535038201
79604222460
79604302078
79620087081
79624903329
79628000944
79632884120
79635882315
79635996300
79637969995
79640728049
79644555277
79649940999
79655317443
79659537344
79673949992
79679776949
79698117191
79775339841
79777545555
79788361062
79788460322
79788607779
79788726450
79788891782
79807335237
79807351401
79841366390
79869189887
79874856562
79881893380
79882277563
79885158762
79885473400
79887948065
79888712901
79888751220
79894481555
79894728880
79894745446
79896613334
79897829484
79899075988
79899148232
79910361329
79930000095
79952283297
79960200381
79969178489
79997713744
79998870755