+996557099950
+996557299904
+996557299905
+996557299906
+996557299916
+996557099946
+996557099932
+996557299917
+996557299918
+996557299921
+996557299923
+996557299928
+996557299935
+996557299936
+996557299940
+996557299942
+996557299948
+996557299953
+996557299954
zhorobek.altynov@bk.ru
bekbolotov.90@bk.ru
ryskulova9898@bk.ru
alymbekova_96@bk.ru
bekbolot.9886@bk.ru
aynura.ermekova@inbox.ru
+996557109993
+996557099986
+996557099983
+996557119990
+996557119992
+996557099981
+996557119996
+996557120999
+996557099967
+996557129991
+996557099963
+996557129994
+996557099958
+996557099954
+996557279991
+996557279992
+996557129996
+996557129998
+996557279993
+996557279998
+996557289991
+996557289997
+996557139996
+996557299901
+996557299903
+996557099953